OnTimer(@Spam,5)
@Walk:
MoveTo(204,514,4,-4)
MoveTo(208,512,20,0)
MoveTo(238,512,1,1)
MoveTo(243,513,2,2,13,2,14,1)
MoveTo(265,514,7,-7)
MoveTo(279,507,1,-1,2,-1,3,-2,11,-2,12,-3)
MoveTo(298,505,5,5)
MoveTo(304,510,10,10,10,13)
MoveTo(314,537,1,1,1,2)
MoveTo(308,538,-7,7)
MoveTo(301,549,-4,4,-4,6,-10,12)
MoveTo(291,577,-1,1)
MoveTo(290,595)
MoveTo(286,595,-1,1)
MoveTo(284,596,-2,2,-2,5,-12,15)
MoveTo(256,611,-1,-1)
MoveTo(238,610,-1,-1)
MoveTo(224,609,-4,-4)
MoveTo(207,605,-1,1)
MoveTo(185,606,-1,-1)
MoveTo(180,605,-1,1,-4,1,-5,2,-11,2,-14,5)
MoveTo(165,610,-1,1,-3,1,-4,2,-9,2,-11,4,-14,4,-15,5,-16,5,-17,6)
MoveTo(136,616,-1,1,-1,3,-5,7,-6,7,-8,9)
MoveTo(112,625,-1,1)
MoveTo(111,622,-1,-1,-1,-8,3,-12)
MoveTo(114,605,-1,-1,-1,-9,-7,-15)
MoveTo(113,590,-9,-9)

MoveTo(102,581,-5,0,-7,-2)
MoveTo(92,576,0,-2,-1,-3)
MoveTo(91,562,-2,-2,-2,-5,-3,-6,-3,-8)
MoveTo(87,554,-1,-1,-1,-3,-2,-4,-3,-4,-7,-8,-7,-9,-9,-11,-9,-16,-10,-17)
MoveTo(77,522,-2,-2)
MoveTo(75,518,10,-10)
MoveTo(101,508)
MoveTo(116,508,1,1)
MoveTo(134,509,1,1)
MoveTo(151,509)
MoveTo(158,509,1,-1,10,-1)
MoveTo(179,508,5,5)
GoTo(@Walk)

@Spam:
Say(F6 D2 D3 3F 6D 93 D0 C0 58 02 61 0D 71 82 E9 E9 E9 E9 E9 E9 E9 0D 26 11 28 04 D1 7E 9E 9E 9E 9E 9E 90 D0 37 C3 B1 98 03 91 0B 5D 41 B1 88 E9 E9 E9 E9 E9 )
Wait(5)
ERet()
